100
1000
10000
10001
10002
10003
10004
10005
10006
10007
10008
10009
10010
10011
10012
10013
10014
10015
10016
10017
10018
10019
1002
10020
10021
10022
10023
10024
10025
10026
10027
10028
10029
10030
10031
10032
10033
10034
10035
10036
10037
10038
10039
10040
10041
10042
10043
10044
10045
10046
10047
10048
10049
10050
10051
10052
10053
10054
10055
10056
10057
10058
10059
10060
10061
10062
10063
10064
10065
10066
10067
10068
10069
10070
10071
10072
10073
10074
10075
10076
10077
10078
10079
10080
10081
10082
10083
10084
10085
10086
10087
10088
10089
10090
10091
10092
10093
10094
10095
10096
10097
1012
1013
10144
10145
10146
10147
10148
10149
10150
10151
10152
10153
10154
10155
10156
10157
10158
10159
1016
10160
10161
10162
10163
10164
10165
10166
10167
10168
10169
10170
10171
10172
10173
10174
10175
10176
10177
10178
10179
10180
10181
10182
10183
10184
10185
10186
10187
10188
10189
10190
10191
10192
10193
10194
10195
10196
10197
10198
10199
102
10200
10201
10202
10203
10204
10205
10206
10207
10208
10209
1021
10210
10211
10212
10213
10214
10215
10216
10217
10218
10219
10220
10221
10222
10223
10224
10225
10226
10227
10228
10229
1023
10230
10231
10232
10233
10234
10235
10236
10237
10238
10239
10240
10241
10242
10243
10244
10245
10246
10247
10248
10249
1025
10250
10251
10252
10253
10254
10255
10256
10257
10258
10259
1026
10260
10261
10262
10263
10264
10265
10266
10267
10268
10269
1027
10270
10271
10272
10273
10274
10275
10276
10277
10278
10279
10280
10281
10282
10283
10284
10285
10286
10287
10288
10289
1029
10290
10291
10292
10293
10294
10295
10296
10297
10298
10299
103
1030
10300
10301
10302
10303
10304
10305
10306
10307
10308
10309
10310
10311
10312
10313
10314
10315
10316
10317
10318
10319
1032
10320
10321
10322
10323
10324
10325
10326
10327
10328
10329
10330
10331
10332
10333
10334
10335
10336
10337
10338
10339
10340
10341
10342
10343
10344
10345
10346
10347
10348
10349
10350
10351
10352
10353
10354
10355
10356
10357
10358
10359
10360
10361
10362
10363
10364
10365
10366
10367
10368
10369
1037
10370
10371
10372
10373
10374
10375
10376
10377
10378
10379
10380
10381
10382
10383
10384
10385
10386
10387
10388
10389
10390
10391
10392
10393
10394
10395
10396
10397
10398
10399
104
10400
10401
10402
10403
10404
10405
10406
10407
10408
10409
10410
10411
10412
10413
10414
10415
10416
10417
10418
10419
10420
10421
10422
10423
10424
10425
10426
10427
10428
10429
1043
10430
10431
10432
10433
10434
10435
10436
10437
10438
10439
10440
10441
10442
10443
10444
10445
10446
10447
10448
10449
10450
10451
10452
10453
10454
10455
10456
10457
10458
10459
1046
10460
10461
10462
10463
10464
10465
10466
10467
10468
10469
10470
10471
10472
10473
10474
10475
10476
10477
10478
10479
1048
10480
10481
10482
10483
10484
10485
10486
10487
10488
10489
1049
10490
10491
10492
10493
10494
10495
10496
10497
10498
10499
10500
10501
10502
10503
10504
10505
10506
10507
10508
10509
10510
10511
10512
10513
10514
10515
10516
10517
10518
10519
10520
10521
10522
10523
10524
10525
10526
10527
10528
10529
10530
10531
10532
10533
10534
10535
10536
10537
10538
10539
1054
10540
10541
10542
10543
10544
10545
10546
10547
10548
10549
1055
10550
10551
10552
10553
10554
10555
10556
10557
10558
10559
1056
10560
10561
10562
10563
10564
10565
10566
10567
10568
10569
1057
10570
10571
10572
10573
10574
10575
10576
10577
10578
10579
10580
10581
10582
10583
10584
10585
10586
10587
10588
10589
10590
10591
10592
10593
10594
10595
10596
10597
10598
10599
10600
10601
10602
10603
10604
10605
10606
10607
10608
10609
1061
10610
10611
10612
10613
10614
10615
10616
10617
10618
10619
10620
10621
10622
10623
10624
10625
10626
10627
10628
10629
1063
10630
10631
10632
10633
10634
10635
10636
10637
10638
10639
10640
10641
10642
10643
10644
10645
10646
10647
10648
10649
10650
10651
10652
10653
10654
10655
10656
10657
10658
10659
1066
10660
10661
10662
10663
10664
10665
10666
10667
10668
10669
10670
10671
10672
10673
10674
10675
10676
10677
10678
10679
10680
10681
10682
10683
10684
10685
10686
10687
10688
10689
10690
10691
10692
10693
10694
10695
10696
10697
10698
10699
10700
10701
10702
10703
10704
10705
10706
10707
10708
10709
1071
10710
10711
10712
10713
10714
10715
10716
10717
10718
10719
1072
10720
10721
10722
10723
10724
10725
10726
10727
10728
10729
1073
10730
10731
10732
10733
10734
10735
10736
10737
10738
10739
1074
10740
10741
10742
10743
10744
10745
10746
10747
10748
10749
10750
10751
10752
10753
10754
10755
10756
10757
10758
10759
10760
10761
10762
10763
10764
10765
10766
10767
10768
10769
10770
10771
10772
10773
10774
10775
10776
10777
10778
10779
1078
10780
10781
10782
10783
10784
10785
10786
10787
10788
10789
10790
10791
10792
10793
10794
10795
10796
10797
10798
10799
10800
10801
10802
10803
10804
10805
10806
10807
10808
10809
10810
10811
10812
10813
10814
10815
10816
10817
10818
10819
10820
10821
10822
10823
10824
10825
10826
10827
10828
10829
10830
10831
10832
10833
10834
10835
10836
10837
10838
10839
10840
10841
10842
10843
10844
10845
10846
10847
10848
10849
10850
10851
10852
10853
10854
10855
10856
10857
10858
10859
1086
10860
10861
10862
10863
10864
10865
10866
10867
10868
10869
10870
10871
10872
10873
10874
10875
10876
10877
10878
10879
1088
10880
10881
10882
10883
10884
10885
10886
10887
10888
10889
10890
10891
10892
10893
10894
10895
10896
10897
10898
10899
10900
10901
10902
10903
10904
10905
10906
10907
10908
10909
10910
10911
10912
10913
10914
10915
10916
10917
10918
10919
1092
10920
10921
10922
10923
10924
10925
10926
10927
10928
10929
1093
10930
10931
10932
10933
10934
10935
10936
10937
10938
10939
10940
10941
10942
10943
10944
10945
10946
10947
10948
10949
10950
10951
10952
10953
10954
10955
10956
10957
10958
10959
10960
10961
10962
10963
10964
10965
10966
10967
10968
10969
10970
10971
10972
10973
10974
10975
10976
10977
10978
10979
10980
10981
10982
10983
10984
10985
10986
10987
10988
10989
1099
10990
10991
10992
10993
10994
10995
10996
10997
10998
10999
11
11000
11001
11002
11003
11004
11005
11006
11007
11008
11009
11010
11011
11012
11013
11014
11015
11016
11017
11018
11019
1102
11020
11021
11022
11023
11024
11025
11026
11027
11028
11029
1103
11030
11031
11032
11033
11034
11035
11036
11037
11038
11039
11040
11041
11042
11043
11044
11045
11046
11047
11048
11049
11050
11051
11052
11053
11054
11055
11056
11057
11058
11059
11060
11061
11062
11063
11064
11065
11066
11067
11068
11069
11070
11071
11072
11073
11074
11075
11076
11077
11078
11079
11080
11081
11082
11083
11084
11085
11086
11087
11088
11089
1109
11090
11091
11092
11093
11094
11095
11096
11097
11098
11099
11100
11101
11102
11103
11104
11105
11106
11107
11108
11109
11110
11111
11112
11113
11114
11115
11116
11117
11118
11119
1112
11120
11121
11122
11123
11124
11125
11126
11127
11128
11129
11130
11131
11132
11133
11134
11135
11136
11137
11138
11139
11140
11141
11142
11143
11144
11145
11146
11147
11148
11149
1115
11150
11151
11152
11153
11154
11155
11156
11157
11158
11159
11160
11161
11162
11163
11164
11165
11166
11167
11168
11169
11170
11171
11172
11173
11174
11175
11176
11177
11178
11179
11180
11181
11182
11183
11184
11185
11186
11187
11188
11189
11190
11191
11192
11193
11194
11195
11196
11197
11198
11199
11200
11201
11202
11203
11204
11205
11206
11207
11208
11209
11210
11211
11212
11213
11214
11215
11216
11217
11218
11219
1122
11220
11221
11222
11223
11224
11225
11226
11227
11228
11229
1123
11230
11231
11232
11233
11234
11235
11236
11237
11238
11239
1124
11240
11241
11242
11243
11244
11245
11246
11247
11248
11249
11250
11251
11252
11253
11254
11255
11256
11257
11258
11259
1126
11260
11261
11262
11263
11264
11265
11266
11267
11268
11269
11270
11271
11272
11273
11274
11275
11276
11277
11278
11279
11280
11281
11282
11283
11284
11285
11286
11287
11288
11289
11290
11291
11292
11293
11294
11295
11296
11297
11298
11299
11300
11301
11302
11303
11304
11305
11306
11307
11308
11309
11310
11311
11312
11313
11314
11315
11316
11317
11318
11319
1132
11320
11321
11322
11323
11324
11325
11326
11327
11328
11329
11330
11331
11332
11333
11334
11335
11336
11337
11338
11339
11340
11341
11342
11343
11344
11345
11346
11347
11348
11349
11350
11351
11352
11353
11354
11355
11356
11357
11358
11359
11360
11361
11362
11363
11364
11365
11366
11367
11368
11369
11370
11371
11372
11373
11374
11375
11376
11377
11378
11379
11380
11381
11382
11383
11384
11385
11386
11387
11388
11389
11390
11391
11392
11393
11394
11395
11396
11397
11398
11399
1140
11400
11401
11402
11403
11404
11405
11406
11407
11408
11409
1141
11410
11411
11412
11413
11414
11415
11416
11417
11418
11419
1142
11420
11421
11422
11423
11424
11425
11426
11427
11428
11429
1143
11430
11431
11432
11433
11434
11435
11436
11437
11438
11439
11440
11441
11442
11443
11444
11445
11446
11447
11448
11449
11450
11451
11452
11453
11454
11455
11456
11457
11458
11459
11460
11461
11462
11463
11464
11465
11466
11467
11468
11469
11470
11471
11472
11473
11474
11475
11476
11477
11478
11479
1148
11480
11481
11482
11483
11484
11485
11486
11487
11488
11489
11490
11491
11492
11493
11494
11495
11496
11497
11498
11499
115
11500
11501
11502
11503
11504
11505
11506
11507
11508
11509
11510
11511
11512
11513
11514
11515
11516
11517
11518
11519
11520
11521
11522
11523
11524
11525
11526
11527
11528
11529
1153
11530
11531
11532
11533
11534
11535
11536
11537
11538
11539
11540
11541
11542
11543
11544
11545
11546
11547
11548
11549
11550
11551
11552
11553
11554
11555
11556
11557
11558
11559
11560
11561
11562
11563
11564
11565
11566
11567
11568
11569
1157
11570
11571
11572
11573
11574
11575
11576
11577
11578
11579
11580
11581
11582
11583
11584
11585
11586
11587
11588
11589
1159
11590
11591
11592
11593
11594
11595
11596
11597
11598
11599
1160
11600
11601
11602
11603
11604
11605
11606
11607
11608
11609
1161
11610
1162
1166
1169
1172
11722
11723
11724
11725
11726
11727
11728
11729
1173
11730
11731
11732
11733
11734
11735
11736
11737
11738
11739
11740
11741
11742
11743
11744
11745
11746
11747
11748
11749
1175
11750
11751
11752
11753
11754
11755
11756
11757
11758
11759
1176
11760
11761
11762
11763
11764
11765
11766
11767
11768
11769
11770
11771
11772
11773
11774
11775
11776
11777
11778
11779
11780
11781
11782
11783
11784
11785
11786
11787
11788
11789
11790
11791
11792
11793
11794
11795
11796
11797
11798
11799
11800
11801
11802
11803
11804
11805
11806
11807
11808
11809
11810
11811
11812
11813
11814
11815
11816
11817
11818
11819
11820
11821
11822
11823
11824
11825
11826
11827
11828
11829
11830
11831
11832
11833
11834
11835
11836
11837
11838
11839
11840
11841
11842
11843
11844
11845
11846
11847
11848
11849
1185
11850
11851
11852
11853
11854
11855
11856
11857
11858
11859
11860
11861
11862
11863
11864
11865
11866
11867
11868
11869
11870
11871
11872
11873
11874
11875
11876
11877
11878
11879
11880
11881
11882
11883
11884
11885
11886
11887
11888
11889
11890
11891
11892
11893
11894
11895
11896
11897
11898
11899
11900
11901
11902
11903
11904
11905
11906
11907
11908
11909
11910
11911
11912
11913
11914
11915
11916
11917
11918
11919
1192
11920
11921
11922
11923
11924
11925
11926
11927
11928
11929
11930
11931
11932
11933
11934
11935
11936
11937
11938
11939
11940
11941
11942
11943
11944
11945
11946
11947
11948
11949
1195
11950
11951
11952
11953
11954
11955
11956
11957
11958
11959
11960
11961
11962
11963
11964
11965
11966
11967
11968
11969
11970
11971
11972
11973
11974
11975
11976
11977
11978
11979
1198
11980
11981
11982
11983
11984
11985
11986
11987
11988
11989
1199
11990
11991
11992
11993
11994
11995
11996
11997
11998
11999
12
12000
12001
12002
12003
12004
12005
12006
12007
12008
12009
1201
12010
12011
12012
12013
12014
12015
12016
12017
12018
12019
1202
12020
12021
12022
12023
12024
12025
12026
12027
12028
12029
1203
12030
12031
12032
12033
12034
12035
12036
12037
12038
12039
12040
12041
12042
12043
12044
12045
12046
12047
12048
12049
12050
12051
12052
12053
12054
12055
12056
12057
12058
12059
12060
12061
12062
12063
12064
12065
12066
12067
12068
12069
1207
12070
12071
12072
12073
12074
12075
12076
12077
12078
12079
1208
12080
12081
12082
12083
12084
12085
12086
12087
12088
12089
12090
12091
12092
12093
12094
12095
12096
12097
12098
12099
121
12100
12101
12102
12103
12104
12105
12106
12107
12108
12109
12110
12111
12112
12113
12114
12115
12116
12117
12118
12119
12120
12121
12122
12123
12124
12125
12126
12127
12128
12129
12130
12131
12132
12133
12134
12135
12136
12137
12138
12139
1214
12140
12141
12142
12143
12144
12145
12146
12147
12148
12149
12150
12151
12152
12153
12154
12155
12156
12157
12158
12159
12160
12161
12162
12163
12164
12165
12166
12167
12168
12169
12170
12171
12172
12173
12174
12175
12176
12177
12178
12179
1218
12180
12181
12182
12183
12184
12185
12186
12187
12188
12189
12190
12191
12192
12193
12194
12195
12196
12197
12198
12199
1220
12200
12201
12202
12203
12204
12205
12206
12207
12208
12209
1221
12210
12211
12212
12213
12214
12215
12216
12217
12218
12219
1222
12220
12221
12222
12223
12224
12225
12226
12227
12228
12229
12230
12231
12232
12233
12234
12235
12236
12237
12238
12239
1224
12240
12241
12242
12243
12244
12245
12246
12247
12248
12249
12250
12251
12252
12253
12254
12255
12256
12257
12258
12259
1226
12260
12261
12262
12263
12264
12265
12266
12267
12268
12269
12270
12271
12272
12273
12274
12275
12276
12277
12278
12279
12280
12281
12282
12283
12284
12285
12286
12287
12288
12289
1229
12290
12291
12292
12293
12294
12295
12296
12297
12298
12299
123
12300
12301
12302
12303
12304
12305
12306
12307
12308
12309
12310
12311
12312
12313
12314
12315
12316
12317
12318
12319
1232
12320
12321
12322
12323
12324
12325
12326
12327
12328
12329
12330
12331
12332
12333
12334
12335
12336
12337
12338
12339
12340
12341
12342
12343
12344
12345
12346
12347
12348
12349
12350
12351
12352
12353
12354
12355
12356
12357
12358
12359
12360
12361
12362
12363
12364
12365
12366
12367
12368
12369
1237
12370
12371
12372
12373
12374
12375
12376
12377
12378
12379
1238
12380
12381
12382
12383
12384
12385
12386
12387
12388
12389
12390
12391
12392
12393
12394
12395
12396
12397
12398
12399
1240
12400
12401
12402
12403
12404
12405
12406
12407
12408
12409
12410
12411
12412
12413
12414
12415
12416
12417
12418
12419
12420
12421
12422
12423
12424
12425
12426
12427
12428
12429
12430
12431
12432
12433
12434
12435
12436
12437
12438
12439
12440
12441
12442
12443
12444
12445
12446
12447
12448
12449
12450
12451
12452
12453
12454
12455
12456
12457
12458
12459
12460
12461
12462
12463
12464
12465
12466
12467
12468
12469
1247
12470
12471
12472
12473
12474
12475
12476
12477
12478
12479
12480
12481
12482
12483
12484
12485
12486
12487
12488
12489
12490
12491
12492
12493
12494
12495
12496
12497
12498
12499
12500
12501
12502
12503
12504
12505
12506
12507
12508
12509
12510
12511
12512
12513
12514
12515
12516
12517
12518
12519
12520
12521
12522
12523
12524
12525
12526
12527
12528
12529
12530
12531
12532
12533
12534
12535
12536
12537
12538
12539
12540
12541
12542
12543
12544
12545
12546
12547
12548
12549
1255
12550
12551
12552
12553
12554
12555
12556
12557
12558
12559
12560
12561
12562
12563
12564
12565
12566
12567
12568
12569
12570
12571
12572
12573
12574
12575
12576
12577
12578
12579
1258
12580
12581
12582
12583
12584
12585
12586
12587
12588
12589
12590
12591
12592
12593
12594
12595
12596
12597
12598
12599
12600
12601
12602
12603
12604
12605
12606
12607
12608
12609
12610
12611
12612
12613
12614
12615
12616
12617
12618
12619
12620
12621
12622
12623
12624
12625
12626
12627
12628
12629
12630
12631
12632
12633
12634
12635
12636
12637
12638
12639
12640
12641
12642
12643
12644
12645
12646
12647
12648
12649
12650
12651
12652
12653
12654
12655
12656
12657
12658
12659
12660
12661
12662
12663
12664
12665
12666
12667
12668
12669
1267
12670
12671
12672
12673
12674
12675
12676
12677
12678
12679
12680
12681
12682
12683
12684
12685
12686
12687
12688
12689
12690
12691
12692
12693
12694
12695
12696
12697
12698
12699
127
12700
12701
12702
12703
12704
12705
12706
12707
12708
12709
12710
12711
12712
12713
12714
12715
12716
12717
12718
12719
12720
12721
12722
12723
12724
12725
12726
12727
12728
12729
1273
12730
12731
12732
12733
12734
12735
12736
12737
12738
12739
12740
12741
12742
12743
12744
12745
12746
12747
12748
12749
12750
12751
12752
12753
12754
12755
12756
12757
12758
12759
12760
12761
12762
12763
12764
12765
12766
12767
12768
12769
12770
12771
12772
12773
12774
12775
12776
12777
12778
12779
12780
12781
12782
12783
12784
12785
12786
12787
12788
12789
12790
12791
12792
12793
12794
12795
12796
12797
12798
12799
128
12800
12801
12802
12803
12804
12805
12806
12807
12808
12809
12810
12811
12812
12813
12814
12815
12816
12817
12818
12819
12820
12821
12822
12823
12824
12825
12826
12827
12828
12829
12830
12831
12832
12833
12834
12835
12836
12837
12838
12839
12840
12841
12842
12843
12844
12845
12846
12847
12848
12849
1285
12850
12851
12852
12853
12854
12855
12856
12857
12858
12859
12860
12861
12862
12863
12864
12865
12866
12867
12868
12869
12870
12871
12872
12873
12874
12875
12876
12877
12878
12879
12880
12881
12882
12883
12884
12885
12886
12887
12888
12889
1289
12890
12891
12892
12893
12894
12895
12896
12897
12898
12899
129
12900
12901
12902
12903
12904
12905
12906
12907
12908
12909
12910
12911
12912
12913
12914
12915
12916
12917
12918
12919
1292
12920
12921
12922
12923
12924
12925
12926
12927
12928
12929
12930
12931
12932
12933
12934
12935
12936
12937
12938
12939
12940
12941
12942
12943
12944
12945
12946
12947
12948
12949
12950
12951
12952
12953
12954
12955
12956
12957
12958
12959
1296
12960
12961
12962
12963
12964
12965
12966
12967
12968
12969
12970
12971
12972
12973
12974
12975
12976
12977
12978
12979
1298
12980
12981
12982
12983
12984
12985
12986
12987
12988
12989
1299
12990
12991
12992
12993
12994
12995
12996
12997
12998
12999
13000
13001
13002
13003
13004
13005
13006
13007
13008
13009
13010
13011
13012
13013
13014
13015
13016
13017
13018
13019
1302
13020
13021
13022
13023
13024
13025
13026
13027
13028
13029
13030
13031
13032
13033
13034
13035
13036
13037
13038
13039
13040
13041
13042
13043
13044
13045
13046
13047
13048
13049
13050
13051
13052
13053
13054
13055
13056
13057
13058
13059
1306
13060
13061
13062
13063
13064
13065
13066
13067
13068
13069
13070
13071
13072
13073
13074
13075
13076
13077
13078
13079
1308
13080
13081
13082
13083
13084
13085
13086
13087
13088
13089
1309
13090
13091
13092
13093
13094
13095
13096
13097
13098
13099
13100
13101
13102
13103
13104
13105
13106
13107
13108
13109
13110
13111
13112
13113
13114
13115
13116
13117
13118
13119
13120
13121
13122
13123
13124
13125
13126
13127
13128
13129
13130
13131
13132
13133
13134
13135
13136
13137
13138
13139
13140
13141
13142
13143
13144
13145
13146
13147
13148
13149
13150
13151
13152
13153
13154
13155
13156
13157
13158
13159
13160
13161
13162
13163
13164
13165
13166
13167
13168
13169
13170
13171
13172
13173
13174
13175
13176
13177
13178
13179
13180
13181
13182
13183
13184
13185
13186
13187
13188
13189
13190
13191
13192
13193
13194
13195
13196
13197
13198
13199
13200
13201
13202
13203
13204
13205
13206
13207
13208
13209
13210
13211
13212
13213
13214
13215
13216
13217
13218
13219
1322
13220
13221
13222
13223
13224
13225
13226
13227
13228
13229
13230
13231
13232
13233
13234
13235
13236
13237
13238
13239
13240
13241
13242
13243
13244
13245
13246
13247
13248
13249
13250
13251
13252
13253
13254
13255
13256
13257
13258
13259
1326
13260
13261
13262
13263
13264
13265
13266
13267
13268
13269
13270
13271
13272
13273
13274
13275
13276
13277
13278
13279
13280
13281
13282
13283
13284
13285
13286
13287
13288
13289
13290
13291
13292
13293
13294
13295
13296
13297
13298
13299
13300
13301
13302
13303
13304
13305
13306
13307
13308
13309
13310
13311
13312
13313
13314
13315
13316
13317
13318
13319
13320
13321
13322
13323
13324
13325
13326
13327
13328
13329
13330
13331
13332
13333
13334
13335
13336
13337
13338
13339
1334
13340
13341
13342
13343
13344
13345
13346
13347
13348
13349
1335
13350
13351
13352
13353
13354
13355
13356
13357
13358
13359
13360
13361
13362
13363
13364
13365
13366
13367
13368
13369
13370
13371
13372
13373
13374
13375
13376
13377
13378
13379
13380
13381
13382
13383
13384
13385
13386
13387
13388
13389
1339
13390
13391
13392
13393
13394
13395
13396
13397
13398
13399
13400
13401
13402
13403
13404
13405
13406
13407
13408
13409
1341
13410
13411
13412
13413
13414
13415
13416
13417
13418
13419
13420
13421
13422
13423
13424
13425
13426
13427
13428
13429
13430
13431
13432
13433
13434
13435
13436
13437
13438
13439
13440
13441
13442
13443
13444
13445
13446
13447
13448
13449
13450
13451
13452
13453
13454
13455
13456
13457
13458
13459
13460
13461
13462
13463
13464
13465
13466
13467
13468
13469
1347
13470
13471
13472
13473
13474
13475
13476
13477
13478
13479
1348
13480
13481
13482
13483
13484
13485
13486
13487
13488
13489
1349
13490
13491
13492
13493
13494
13495
13496
13497
13498
13499
13500
13501
13502
13503
13504
13505
13506
13507
13508
13509
1351
13510
13511
13512
13513
13514
13515
13516
13517
13518
13519
13520
13521
13522
13523
13524
13525
13526
13527
13528
13529
13530
13531
13532
13533
13534
13535
13536
13537
13538
13539
13540
13541
13542
13543
13544
13545
13546
13547
13548
13549
13550
13551
13552
13553
13554
13555
13556
13557
13558
13559
13560
13561
13562
13563
13564
13565
13566
13567
13568
13569
13570
13571
13572
13573
13574
13575
13576
13577
13578
13579
1358
13580
13581
13582
13583
13584
13585
13586
13587
13588
13589
13590
13591
13592
13593
13594
13595
13596
13597
13598
13599
1360
13600
13601
13602
13603
13604
13605
13606
13607
13608
13609
13610
13611
13612
13613
13614
13615
13616
13617
13618
13619
1362
13620
13621
13622
13623
13624
13625
13626
13627
13628
13629
1363
13630
13631
13632
13633
13634
13635
13636
13637
13638
13639
13640
13641
13642
13643
13644
13645
13646
13647
13648
13649
1365
13650
13651
13652
13653
13654
13655
13656
13657
13658
13659
13660
13661
13662
13663
13664
13665
13666
13667
13668
13669
13670
13671
13672
13673
13674
13675
13676
13677
13678
13679
1368
13680
13681
13682
13683
1373
1376
1383
1387
1400
1404
1406
1407
1409
141
1411
1412
1413
1418
142
1424
1425
1430
1431
1433
1434
1445
1454
1455
1459
1461
1468
1469
1472
1477
148
1482
1484
1489
149
1490
1492
1494
1496
1504
1505
1508
1510
1511
1518
1520
1521
1522
1526
1533
1535
1538
1555
1557
1564
1568
1571
1573
1575
1576
1578
1579
1585
1587
1593
1594
1597
1599
1600
1601
1605
1606
1623
1626
163
1634
1638
1639
1640
1645
165
1659
1661
1664
1667
1669
1670
1673
1677
168
1680
1682
1689
1694
1696
1697
1700
1704
1705
1708
1709
1710
1711
1713
1714
1715
1716
1719
172
1720
1722
1726
1730
1732
1737
174
1740
1745
1748
1749
175
1762
1769
1777
1782
1789
179
1793
1799
18
1800
1807
1812
1825
1826
1829
1831
1832
1835
1838
1841
1845
1846
185
1850
1854
1855
1862
1864
1865
1869
1874
1875
1876
1881
1883
1885
1886
1890
1892
1893
1898
1899
19
190
1900
1901
1902
1904
1905
1911
1913
1921
1927
1931
1937
1939
1942
1944
1947
1949
195
1952
1954
1955
1956
1958
196
1962
1964
1967
1969
1971
1978
1979
1981
1983
1984
1989
1994
1995
1998
200
2000
2002
2003
2007
2008
2011
2016
2021
2022
2028
2033
2034
2036
2039
2040
2048
205
2050
2051
2053
2058
2062
2065
2072
2078
2083
2087
2091
2100
2101
2104
2118
212
2120
2123
2124
2127
2131
2134
2136
2137
214
2148
2152
2159
2165
2167
2168
217
2171
2172
2175
2176
2177
2179
218
2190
2195
2196
2199
22
2201
2202
2203
2205
2206
2213
2215
2216
2221
2224
2230
2234
2235
2239
2241
2243
2250
2251
2254
2255
2256
2260
2262
2263
2264
2265
2268
2269
227
2270
2271
2273
2275
2276
2277
228
2286
2287
229
2295
2296
23
2305
2306
2307
2308
2313
2318
2322
2323
2329
233
2336
2341
2342
2343
2345
2347
2353
2361
237
2377
2378
2381
2383
2387
2390
2392
2394
2395
2399
2402
2403
2404
2407
2409
2411
2418
242
2421
2423
2429
2432
2435
2436
2437
2438
2439
2446
2449
2453
2454
2457
2460
2466
2469
2473
2474
2475
2476
2479
2482
2487
2489
2490
2492
2503
2505
2509
2510
2514
2515
2516
2517
2518
2529
2530
2533
2535
2536
254
2541
2545
256
2563
2570
2574
2577
2579
2582
2585
259
2590
2596
2603
2606
2607
2610
2611
2612
2614
2616
2619
2624
2633
2635
2638
2639
2646
2649
265
2650
2653
2655
2658
2660
2661
2662
2663
2665
2666
267
2672
2675
2678
268
2682
2688
2691
2694
2701
2707
2711
2713
2716
2718
2719
2722
2723
2731
2733
2737
2738
275
2754
2756
2758
276
2760
2767
2768
2772
278
2781
2789
2790
2792
2794
2795
2799
280
2802
2807
2809
2810
2815
2817
2819
2831
2836
2844
2846
2848
285
2851
2854
2857
2859
2861
2862
2868
2870
2871
2878
2887
2892
2896
2898
2902
2903
2910
2911
2912
2913
2915
2918
2919
2921
2931
2946
2951
2952
2958
2959
296
2960
2966
2967
2970
2971
2972
2978
2985
2986
2988
2997
2999
3
3001
3007
3009
301
3010
3016
3020
3023
3025
3027
303
3033
3035
3036
3037
3045
3046
3047
3050
3054
3056
306
3069
307
3070
3071
3077
3078
3079
3081
3083
3087
3092
3093
3095
3101
3106
3109
3110
3115
3116
312
3121
3123
313
3134
3135
3147
3150
3155
3159
3164
3167
3168
3169
3174
3179
3180
3181
3183
3187
3190
3195
32
3204
3209
3211
3228
323
3230
3232
3235
3253
3255
3262
3265
3266
3269
3273
3274
3276
3278
3282
3284
3285
329
3292
3295
3296
3301
3303
3305
3306
3307
3317
332
3321
3326
3327
3333
3334
3336
3337
3338
3343
3345
3348
3349
335
3351
3359
3363
337
3370
3371
3374
3375
3376
3378
3382
3385
3391
3393
3395
340
3401
3403
3404
3407
3409
341
3414
3419
342
3420
3436
3439
3440
3441
3443
345
3454
3456
3458
346
3461
3466
3471
3474
3476
3477
3479
348
3482
3489
349
3495
3496
3498
3508
3510
3512
352
3521
3523
3527
3533
3534
3537
3548
3549
355
3555
356
3561
3562
3563
3568
357
3572
3576
3577
3579
358
3580
3583
3590
3591
3597
36
3600
3602
3603
3604
3607
3627
3628
3638
364
3641
3642
3652
3654
3657
3659
366
3660
3661
3666
3668
3669
3679
3685
3686
3687
3690
3693
3695
3697
3698
370
3700
3709
3711
3714
3715
3718
372
3721
3722
3728
3731
3734
374
3749
3753
3754
3756
3757
3759
3760
3761
3763
3766
377
3775
3777
378
3780
3783
3789
379
3792
3798
38
3800
3801
3807
381
3814
3818
3820
3824
3828
3834
3843
3851
3854
3858
3859
386
3862
3863
3865
3867
387
3876
3877
3880
3882
3884
3889
3898
3899
3904
3917
3919
3923
3928
3930
3932
3933
3934
3937
3940
3942
3943
3946
3947
3950
3956
3963
3966
3967
3978
3983
3984
3992
3995
3999
40
4003
4006
4014
4020
4024
4025
4026
4027
4030
4034
4038
4040
4045
4048
4052
4053
4059
4060
4061
4062
4072
4077
4078
408
4085
4086
4088
4089
4090
4092
4095
4097
4098
410
4102
4103
4105
4107
4108
4119
4131
4133
4136
4137
4138
4150
4152
4154
4156
4161
4162
4168
4171
4177
4179
4181
4183
4184
4187
4189
419
4198
42
420
4209
4211
4212
4213
4214
422
4224
4237
4238
4240
4246
4248
4249
4253
4256
4257
426
4260
4261
4269
4270
4271
4272
4274
4275
4276
4277
4281
4283
4286
4290
4291
4293
4297
4298
43
4301
4303
431
4313
4314
432
4322
4330
4331
4334
4339
434
4343
4346
4347
4359
436
4362
4364
4365
4367
4368
4370
4371
4372
4375
4376
4377
438
4380
439
4391
4392
4398
44
4401
4405
4407
4411
4415
4416
4420
4421
4426
443
4436
444
4440
4441
4444
4445
4447
445
4450
4457
446
4463
4470
4481
4483
4484
4486
4488
4490
4492
4495
4499
450
4500
4506
451
4516
4518
4521
4523
4525
4526
4527
4529
4530
4532
4533
4534
4536
4539
4540
4548
4549
4551
4554
4555
4556
4558
4561
4562
4569
4570
4574
4578
4588
4589
4596
4598
460
4600
4602
4603
4604
4616
4618
4627
463
4630
4631
4639
4641
4644
4647
4648
4650
4655
4658
4659
4668
4669
4671
4676
4679
4680
4685
4686
4689
47
4704
471
4710
4713
4715
472
4722
4724
4726
4730
4736
4737
4739
4740
4744
4745
4748
4750
4752
4753
4759
4761
4762
4764
4766
4768
4772
4774
4779
478
4781
4782
4783
4784
4786
4793
4794
4796
4800
4801
4804
4807
4814
4818
4819
4822
4826
483
4830
4831
4835
4836
4840
4846
4847
4851
4856
4857
486
4861
4867
4870
4879
4882
4884
4886
4888
489
4900
4901
4903
4905
4907
491
4910
4911
4913
4919
4920
4922
4924
4928
4929
4930
4934
4935
4936
4939
4940
4941
4947
4950
4955
4956
4959
4962
4963
4964
4966
497
4972
4978
4980
4983
4984
4988
499
4993
4997
4999
50
5004
5005
5012
5013
5017
5026
5028
503
5033
5036
5039
5043
5044
5047
5054
5058
506
5061
5062
5063
5069
5073
5074
5083
5084
5088
5090
5093
5095
5097
5099
51
511
5110
5114
512
5124
5127
5128
5134
5135
5142
5145
5147
5149
515
5150
5151
5153
5154
5157
5163
5165
5169
5172
5175
518
5183
5199
5200
5202
5219
5221
5224
5225
5227
5228
523
5231
5242
5244
525
5252
5264
5265
5268
527
5270
5273
5274
5275
5278
5283
5285
5286
5296
530
5307
5311
5317
5319
5320
5322
533
5340
5344
5347
5348
5352
5355
5359
536
5361
5362
5365
5367
537
5376
538
5383
5388
5391
5392
5394
5397
5399
5401
5404
5410
5416
5417
5418
5424
5427
5429
543
5430
5432
5435
5436
5438
5442
5444
5445
5449
5453
5459
5460
5462
5463
5464
547
5471
5473
5474
5478
548
5481
5487
5496
5497
5500
5501
5502
5504
5507
5508
5510
5511
5518
5522
5525
5531
5538
5541
5542
5545
5546
5551
5557
5561
5566
5569
557
5570
5573
5575
5579
5584
5585
5587
5596
5598
5601
5603
5606
5607
5611
5613
5614
5617
562
5620
5624
5625
563
5631
5635
5642
5644
5646
5647
5653
5654
5656
5659
566
5662
5663
5664
5667
567
5670
5671
5674
5675
5676
5677
5679
5682
5685
5687
5688
5693
5698
5701
5702
5705
5709
5711
5715
5716
5719
5720
5721
5722
5723
5725
5726
5727
5736
5738
5739
5742
5748
5750
5751
5754
5757
5758
5759
5769
5774
5777
5779
5785
5787
5788
579
5795
5798
580
5800
5801
5802
5803
5805
5809
5811
5819
5822
5828
583
5832
5836
584
5844
585
5851
5859
586
5861
5865
5874
5875
5877
5878
5879
5884
5894
5898
5899
5901
5903
5908
5912
5914
5916
592
5920
5921
5927
5932
5933
5935
5936
5937
5938
594
5944
595
5950
5952
5955
5956
5957
5958
596
5964
5975
5978
598
5982
5985
5986
5987
599
5992
600
6005
6006
6009
601
6011
6012
6013
6014
6016
6020
6022
6027
6033
6042
6047
6057
6060
6066
6070
6073
6077
6078
6081
6083
6086
6087
6091
6098
6102
6104
6107
6108
6109
611
6119
612
6122
6123
6124
6125
6126
6127
6128
613
6130
6133
6134
6139
6140
6145
6149
615
6152
6156
6157
6160
6161
6163
6166
6167
6168
617
6170
6172
6176
6178
6180
6183
6188
6189
619
6196
6197
6198
6203
6204
6207
6209
6211
6212
6216
6217
6218
622
6222
6224
6232
6235
624
6242
6245
6246
625
6251
6252
6254
6256
6257
6258
6263
627
6271
6274
6280
6281
6290
6293
6296
6297
63
6301
6304
6307
6308
6309
631
6317
6323
6324
6329
6330
6331
6334
6336
6337
6341
6343
6345
6349
6353
6355
6358
6359
6364
6367
6375
6376
6379
6391
6397
6399
64
6401
6405
6410
6411
6414
6419
6421
6424
6434
6435
6441
6442
6446
6448
645
6457
6460
6462
6464
6465
6471
6478
6479
648
6487
6488
6489
6493
650
6507
6508
6514
6515
6516
652
6521
6522
6523
6524
6525
6529
653
6530
6531
6535
6539
6543
6544
6547
6554
6555
6557
6559
656
6562
6566
6577
658
6581
6583
6588
6589
6590
6592
6594
6597
6599
6602
6603
6604
661
6615
662
6627
6632
6633
6636
6637
6639
664
6640
6643
6646
6647
6648
665
6652
6655
6657
666
6661
6662
6667
6671
6672
6673
6676
6683
6686
669
6691
6692
6693
6695
670
6701
6702
6705
6707
6709
671
6715
6722
6723
6726
6730
6736
6739
674
6742
6743
6744
6746
6747
6749
675
6751
6753
6754
6755
6758
6762
6764
6765
6766
6769
677
6774
6775
6789
6790
6792
6795
6797
6799
68
6802
6804
6807
681
6810
6811
6812
6819
6820
6822
6824
6830
6831
6832
6834
6839
684
6840
6843
6845
6848
685
6858
6868
687
6870
6872
6875
6876
6878
6880
6901
6903
6904
6905
6912
6914
6915
6917
6919
6920
6922
6932
6936
6938
6939
694
6940
6941
6944
6945
6954
6957
6961
6963
6964
6967
6968
697
6970
6979
6982
6984
6985
6986
6988
6997
7
7001
7009
701
7012
7017
7018
7027
7031
7033
7034
7039
7040
7047
7050
7065
707
7070
7073
7077
7079
7081
7087
7089
709
7091
7094
7100
7102
7103
7109
7113
7115
7116
7117
7118
7120
7125
7127
7128
713
7130
714
7141
7145
715
7152
7153
7155
7157
7159
716
7161
7163
7169
7172
7175
7176
7182
7186
7187
7189
719
7193
7197
7198
7199
7202
7206
722
7222
7226
7237
7242
7245
7253
7254
7258
7263
7264
7268
727
7271
7273
7278
7280
7281
7285
7287
7290
7294
7295
7298
730
7301
7302
7303
7304
7305
7306
7307
7309
731
7311
7313
7315
7317
7319
7320
7321
7323
7325
7330
7333
7336
7340
7344
7347
7348
7351
7352
7353
7355
736
7360
7366
7369
737
7370
7371
7373
7374
7376
7380
7381
7383
7384
7385
7386
7387
7388
739
7390
7392
7393
7394
7396
7397
7399
7402
7403
7405
7406
7408
7413
7420
7424
7425
7429
743
7441
7445
7448
745
7454
7455
7458
746
7461
7467
7468
7470
7473
7477
7479
748
7482
7485
7487
7489
749
7490
7491
7496
7498
7505
7506
7514
7517
7519
752
7520
7523
7524
7526
7527
7530
7533
7537
7538
7540
7544
7545
7547
7549
7552
7554
7555
7557
7561
7564
7567
7568
7573
7575
7577
7579
758
7587
7590
7592
7596
7598
7604
7611
7612
7616
7617
7619
7623
7624
7625
7627
7629
763
7636
7637
7638
7640
7642
7643
7645
765
7650
7657
7659
7663
7664
7674
7676
768
7688
7689
7690
7698
770
7704
7705
7712
7714
7715
7716
7721
7726
7729
7732
7733
7734
7738
775
7754
7757
7758
7759
7761
7762
7764
7765
7767
7770
7773
7775
7776
7779
7782
7783
7787
779
7790
7793
7794
7796
7798
7801
7804
7805
7806
7807
7810
7811
7817
7818
7821
7828
7837
7839
7841
7842
7844
7849
7851
7859
7863
7865
7866
7868
7869
7871
7883
7888
789
7891
7893
7894
7895
79
790
7907
7909
7912
7915
7918
7923
7927
7929
793
7932
7935
7936
7939
7946
7948
7949
7951
7952
7953
7956
7960
7966
7968
7971
7975
7976
7977
7986
7989
799
7992
7998
8002
8004
8009
8011
8023
8025
8031
8033
8035
8037
8040
8044
8046
8048
8050
8052
8055
8059
8065
8066
8076
8079
8082
8087
8099
81
8102
8104
8123
8127
8131
8132
8134
8135
8136
8138
8139
8144
8149
8151
8152
8154
8156
8157
8162
8163
8165
8167
817
8175
8177
8178
8181
8188
8189
8191
8195
8197
8198
8199
8203
8207
8209
8211
8213
8223
8226
8228
823
8230
8234
8236
8239
8245
8246
8256
8261
8264
8277
8282
8283
8284
8290
8291
8299
8300
8305
8306
8314
8318
8322
8323
833
8332
8349
8350
8355
8356
836
8360
8361
8362
8363
8365
8366
8368
8369
837
8370
8374
8377
8378
8379
838
8385
8389
839
8394
8395
8396
8397
84
840
8401
8402
8404
8407
8409
8410
8414
8417
842
8420
8424
8426
8428
8431
8434
8441
8449
8450
8454
846
8461
8464
847
8470
8472
8473
8474
8475
848
8481
8486
8487
8488
8489
8492
8494
8495
8502
8504
8506
8514
8516
8517
8521
8522
8524
8527
8529
8530
8532
8533
8537
8543
8544
8548
8552
8554
8556
8557
8558
8561
8564
8565
8566
8569
857
8574
8578
8579
8580
8585
8587
8591
8597
8604
8605
8615
8616
8618
862
8622
8624
8625
8627
863
8631
8634
8635
8637
864
8642
8643
8644
8648
865
8650
8653
8655
8659
8660
8663
8664
8666
8668
867
8672
8673
8677
8679
8683
8694
8696
8703
8712
8716
872
8724
8726
8728
8729
8732
8733
8734
8735
8737
8739
8740
8742
8745
8747
8750
8751
8756
8768
877
8773
8781
8782
8784
8788
8791
8792
8795
8799
8800
8803
8804
8810
8812
8814
8817
8825
8828
8829
883
8830
8834
8839
884
8841
8843
8845
8848
8851
8853
8858
886
8863
8870
8871
8873
8879
8880
8887
8890
89
890
8900
8903
8907
8908
8909
8913
8918
892
8921
8923
8924
8926
8928
8929
8933
8936
8940
8944
8945
895
8950
8952
8954
8955
8958
8960
8961
8962
8964
8969
8971
8972
8976
8979
8986
8988
8991
8994
8995
9
90
9000
9015
9018
902
9022
9026
9028
903
9030
9035
9038
9041
9044
9051
9054
9058
9059
9065
907
9072
9075
9079
908
9080
9082
9084
9093
91
9103
9106
9107
911
9111
9113
9115
9122
9124
9125
9128
9129
9132
9138
9140
9145
9156
9158
9159
9163
9164
9166
9167
9169
9171
9173
9174
9177
9179
9181
9183
9203
9204
9212
9214
9218
9219
9224
9225
9232
9235
9238
9242
9244
9247
9248
9249
925
9251
9252
9253
9259
9262
9265
927
9270
9275
928
9282
9291
9292
9293
9294
9295
9296
9297
9298
9299
9300
9301
9302
9303
9304
9305
9306
9307
9308
9309
9310
9311
9312
9313
9314
9315
9316
9317
9318
9319
9320
9321
9322
9323
9324
9325
9326
9327
9328
9329
9330
9331
9332
9333
9334
9335
9336
9337
9338
9339
9340
9341
9342
9343
9344
9345
9346
9347
9348
9349
9350
9351
9352
9353
9354
9355
9356
9357
9358
9359
9360
9361
9362
9363
9364
9365
9366
9367
9368
9369
9370
9371
9372
9373
9374
9375
9376
9377
9378
9379
9380
9381
9382
9383
9384
9385
9386
9387
9388
9389
939
9390
9391
9392
9393
9394
9395
9396
9397
9398
9399
9400
9401
9402
9403
9404
9405
9406
9407
9408
9409
941
9410
9411
9412
9413
9414
9415
9416
9417
9418
9419
9420
9421
9422
9423
9424
9425
9426
9427
9428
9429
943
9430
9431
9432
9433
9434
9435
9436
9437
9438
9439
9440
9441
9442
9443
9444
9445
9446
9447
9448
9449
9450
9451
9452
9453
9454
9455
9456
9457
9458
9459
946
9460
9461
9462
9463
9464
9465
9466
9467
9468
9469
9470
9471
9472
9473
9474
9475
9476
9477
9478
9479
9480
9481
9482
9483
9484
9485
9486
9487
9488
9489
949
9490
9491
9492
9493
9494
9495
9496
9497
9498
9499
9500
9501
9502
9503
9504
9505
9506
9507
9508
9509
9510
9511
9512
9513
9514
9515
9516
9517
9518
9519
9520
9521
9522
9523
9524
9525
9526
9527
9528
9529
953
9530
9531
9532
9533
9534
9535
9536
9537
9538
9539
954
9540
9541
9542
9543
9544
9545
9546
9547
9548
9549
9550
9551
9552
9553
9554
9555
9556
9557
9558
9559
956
9560
9561
9562
9563
9564
9565
9566
9567
9568
9569
9570
9571
9572
9573
9574
9575
9576
9577
9578
9579
9580
9581
9582
9583
9584
9585
9586
9587
9588
9589
959
9590
9591
9592
9593
9594
9595
9596
9597
9598
9599
96
9600
9601
9602
9603
9604
9605
9606
9607
9608
9609
961
9610
9611
9612
9613
9614
9615
9616
9617
9618
9619
962
9620
9621
9622
9623
9624
9625
9626
9627
9628
9629
963
9630
9631
9632
9633
9634
9635
9636
9637
9638
9639
9640
9641
9642
9643
9644
9645
9646
9647
9648
9649
9650
9651
9652
9653
9654
9655
9656
9657
9658
9659
9660
9661
9662
9663
9664
9665
9666
9667
9668
9669
9670
9671
9672
9673
9674
9675
9676
9677
9678
9679
9680
9681
9682
9683
9684
9685
9686
9687
9688
9689
9690
9691
9692
9693
9694
9695
9696
9697
9698
9699
970
9700
9701
9702
9703
9704
9705
9706
9707
9708
9709
971
9710
9711
9712
9713
9714
9715
9716
9717
9718
9719
9720
9721
9722
9723
9724
9725
9726
9727
9728
9729
9730
9731
9732
9733
9734
9735
9736
9737
9738
9739
974
9740
9741
9742
9743
9744
9745
9746
9747
9748
9749
9750
9751
9752
9753
9754
9755
9756
9757
9758
9759
9760
9761
9762
9763
9764
9765
9766
9767
9768
9769
9770
9771
9772
9773
9774
9775
9776
9777
9778
9779
9780
9781
9782
9783
9784
9785
9786
9787
9788
9789
9790
9791
9792
9793
9794
9795
9796
9797
9798
9799
98
980
9800
9801
9802
9803
9804
9805
9806
9807
9808
9809
9810
9811
9812
9813
9814
9815
9816
9817
9818
9819
9820
9821
9822
9823
9824
9825
9826
9827
9828
9829
9830
9831
9832
9833
9834
9835
9836
9837
9838
9839
984
9840
9841
9842
9843
9844
9845
9846
9847
9848
9849
9850
9851
9852
9853
9854
9855
9856
9857
9858
9859
986
9860
9861
9862
9863
9864
9865
9866
9867
9868
9869
987
9870
9871
9872
9873
9874
9875
9876
9877
9878
9879
9880
9881
9882
9883
9884
9885
9886
9887
9888
9889
989
9890
9891
9892
9893
9894
9895
9896
9897
9898
9899
9900
9901
9902
9903
9904
9905
9906
9907
9908
9909
9910
9911
9912
9913
9914
9915
9916
9917
9918
9919
9920
9921
9922
9923
9924
9925
9926
9927
9928
9929
993
9930
9931
9932
9933
9934
9935
9936
9937
9938
9939
994
9940
9941
9942
9943
9944
9945
9946
9947
9948
9949
9950
9951
9952
9953
9954
9955
9956
9957
9958
9959
996
9960
9961
9962
9963
9964
9965
9966
9967
9968
9969
9970
9971
9972
9973
9974
9975
9976
9977
9978
9979
998
9980
9981
9982
9983
9984
9985
9986
9987
9988
9989
9990
9991
9992
9993
9994
9995
9996
9997
9998
9999
